28
0 344
3951 28809 53602 53941 48814 45358 11007 80118 28604 15755 35444 25170 87833 65211 62860 1177 35319 27615 84835 59278 42434 89805 70381 81264 86920 60041 20380 71381 54810 5683 84637 4731 94267 72715 86242 6973 65856 77669 89610 11917 3313 34608 46257 30475 91648 17983 39752 99650 80160 18369 54534 84991 75458 34505 65316 83832 35983 3342 95567 34541 38494 20438 67555 99630 93817 96897 79283 28322 8024 45572 71846 42800 83261 99567 48946 19369 59126 29655 14769 10284 52090 54633 59703 96284 6093 40455 85982 20886 86227 8930 52050 13782 52583 71589 21671 35512 37925 6600 62436 88953 1734 80909 45680 93078 2500 64658 37116 41060 93968 74985 74784 35661 41289 87332 37567 77763 693 38069 67516 23954 42126 89917 9027 50317 30262 93442 73467 50872 42332 6580 44616 32366 69055 42557 7292 50047 85336 23462 12286 42234 5610 97495 92963 986 26528 71630 38677 31633 22510 7180 76197 81797 39635 36490 50625 13975 12749 55326 52906 86342 89497 30407 63263 39496 4290 51722 22580 34373 72752 82252 14100 2885 24972 56286 40929 35197 4476 38183 80354 28683 12261 18709 62989 8602 83834 76166 44402 50592 43162 45410 80191 32237 8351 7072 43658 56984 27656 39973 25592 44167 92380 3066 38880 386 40061 67463 29026 63214 19265 29259 74214 70371 50618 52465 66827 97566 63100 25685 9591 30623 92730 85368 44902 36651 98726 1970 2797 52440 54664 91345 48125 4213 27863 25355 43297 47044 42729 2407 80092 60979 55913 9441 82801 58636 2926 5325 34352 33315 71126 75179 37903 10108 43074 86636 22260 30769 92397 75985 77738 62548 96727 45717 41469 593 47842 73947 67732 2846 50523 18877 23922 38182 74650 96360 80650 74370 53706 39492 73153 83655 26092 83315 18088 94965 7563 17880 32267 56271 4374 37367 29628 6970 17643 9069 11006 84948 86413 61524 4328 8674 89603 71844 80636 90797 85867 85809 41328 85925 96613 35107 71970 85964 32003 98633 60944 73775 49538 41071 27998 22599 27933 46583 7481 79315 81433 4113 91865 65959 50394 49247 77895 39198 78361 31819 79038 24867 9857 58955 64075 64691 37940 31470 31074 12421 
1 189
93871 89128 52013 61705 58707 63867 79187 55396 21461 96254 34941 52096 61664 30457 35066 92344 14717 38232 78346 75524 7024 90423 49568 35533 832 70767 10632 84236 78336 91067 88218 52395 68786 23403 37057 42548 34306 15573 97712 77787 10452 3018 13872 87615 76944 75605 23237 32625 71981 19789 92801 28205 57528 23440 87732 6613 35798 31608 24778 63095 75417 7488 42773 47595 85784 62250 73594 25098 86855 86247 98332 23195 19217 65744 60337 52947 35715 28005 19598 66257 8155 63727 37538 16133 26773 80360 69916 90446 87307 49449 78575 7408 99992 65951 10503 95719 82272 83903 86948 92035 24029 24512 90038 1635 64513 88578 54665 33270 41761 87749 79850 74637 62374 31711 60042 13998 34274 5193 19284 5001 11646 60341 91868 67569 98256 61581 85084 15231 24503 10824 59756 30413 52943 91338 23528 45196 42330 30904 41451 62700 98736 15067 23162 5029 16012 27505 58385 71704 88927 1143 73040 99897 98219 67861 22281 9310 21107 31484 48266 43963 57438 96227 74509 10004 42013 13488 42666 29694 76801 27478 49920 74301 39012 60662 56547 48013 83730 35534 6634 13602 57632 72367 22257 16552 99581 51880 57996 59588 10478 
2 42
4967 31577 20417 94531 33458 25309 28336 81648 18725 14231 56751 40238 91892 92753 46105 80121 61729 75008 3694 15822 22850 37448 57618 990 94927 80013 29076 15378 47713 28678 9816 32282 21110 63065 7988 18731 20070 73076 94929 4797 64189 59076 
3 176
42871 95207 97814 54174 58029 75469 43225 16003 18435 21553 14297 58353 3441 83803 57108 93333 10918 83466 80494 66113 68437 57479 54841 70555 36759 42128 48486 36400 67278 81702 27695 59104 18151 84615 21200 35886 44377 82935 52580 65786 73624 64947 50847 99447 99468 80309 59966 89308 63000 37342 11266 56357 59357 17159 97028 39257 99106 71812 81346 30058 39828 46044 29482 91331 40669 49288 58013 31286 52245 47794 3433 16930 57446 23645 31385 62652 58135 99576 2672 8942 58996 96556 61546 62252 60957 36317 35404 34005 82055 94767 67101 3182 33433 96173 72141 82950 46892 77965 16606 87863 49109 39783 81436 32724 53186 53807 15600 90944 99439 89708 91140 60005 39813 58824 12313 14165 15783 46022 58173 33851 90174 26969 18150 22092 8265 53018 10564 46298 2044 67221 44217 4680 37300 52652 39655 92469 86548 72235 44756 23114 50474 12927 97069 47098 10713 78340 54311 72246 83251 37991 12452 80930 70219 29278 86353 14314 76760 80466 86070 64046 75468 6839 13093 54605 62796 98197 52823 42482 44635 91679 94287 73607 56487 93798 36258 84246 
4 174
81122 14716 80830 29599 51836 60058 14304 38590 87330 10378 10566 50258 66572 22452 77231 93704 20618 99850 47642 25789 74405 45667 12769 45298 63122 23155 64104 2463 62125 47828 70830 798 31696 6885 9276 22464 35998 46852 10649 11444 54536 57020 25886 31583 70126 13459 97178 28646 23637 54036 88317 59690 26391 18401 74155 99684 40849 99188 81065 35017 83249 53009 94789 40721 78140 44206 20872 13949 14317 21127 69785 10722 28776 82428 34571 60389 78370 49423 19523 79514 75278 6229 45270 4502 60691 10958 76326 36513 26777 60243 90964 46124 98807 72571 79448 23982 89579 33439 83815 29237 72166 48298 63942 63354 22547 12738 35357 42828 74548 63539 53674 91180 64364 2537 17525 67907 99766 15220 59459 57862 7824 60967 8254 52775 37790 82523 8822 67829 39300 71074 32918 29095 95670 57641 17981 50355 31966 99251 51254 84368 76762 32193 96005 90954 65420 44085 52890 3510 10133 98057 500 81835 61491 61781 18929 42005 60952 86652 9214 55115 65444 34882 70629 18817 87841 57089 20595 8963 8058 10270 55431 75201 92524 67940 
5 163
2438 77091 21103 38077 24862 40260 22609 60212 63062 65616 91065 24656 53033 98439 89836 66802 51534 12689 24126 34176 89563 946 507 60960 45273 84843 5155 99343 50987 43136 48386 45218 66295 35349 55727 1151 44447 63209 63060 58082 98733 31331 77979 28399 89397 45137 88535 58087 32279 24906 99423 97851 50505 12594 8369 3926 30427 87182 62827 85840 58285 37178 49597 13035 92518 78509 97144 40395 52534 61769 36496 67607 67591 19965 93154 40476 27074 61989 67882 15209 46051 5302 98381 2041 37686 35008 84668 65792 4830 75696 48250 28799 58914 45691 66601 15140 3940 79058 74693 37217 16934 2569 85659 47342 23530 71722 78892 24018 78215 64685 9964 74167 44977 55119 20225 61703 50788 41400 27963 42461 5283 29451 5022 92727 8401 72911 81781 12468 30326 18230 6764 88568 1555 90347 61437 43825 40488 56891 34043 43433 10897 56438 14937 8797 7243 1120 17734 52335 1716 42071 24058 78864 71434 4878 65479 33414 70753 82939 49052 35796 70653 64565 33777 
6 154
90772 31318 45165 80328 70121 34230 54681 86454 13776 13179 96654 51851 39414 83620 1512 49272 1314 23172 66587 59098 58148 30435 92291 66305 51029 53236 43681 29534 44055 59349 36822 34106 17066 72115 19403 14734 92957 1972 33047 57203 73384 61761 93070 75999 25892 60754 92829 97551 82117 13965 25845 81494 55748 39759 28836 8840 66046 36648 58551 75874 52344 54052 17370 40647 56340 52672 50266 19913 88097 63824 82665 3475 55803 47441 13607 49378 71020 61010 83437 63691 65382 1202 85864 68811 26361 16390 89658 14000 92762 81603 91321 87458 51790 33360 93535 8417 39325 2746 13692 67576 82237 94432 21394 38100 549 86332 1246 67461 4349 93799 49718 53700 99857 50881 20519 77682 14510 13812 24858 95094 36480 46414 61131 53392 2619 52798 98823 82917 50711 67262 59070 38706 12574 27187 40293 10714 15825 63615 36020 27357 91430 73662 68744 49857 22808 76920 34345 22232 92884 59067 40306 71954 82612 3455 
7 150
33118 95150 31801 45936 77021 98533 88170 13721 33086 89820 20035 51537 49559 73285 72984 70343 42857 78238 90320 55610 80107 5438 92979 71728 20 30436 70857 47178 70769 71328 15829 55495 96980 48248 45381 49231 12230 87916 18730 3684 64488 21637 11578 31007 83059 11803 15406 2595 88716 23873 598 4625 75210 71137 23689 95126 10684 80522 99380 14661 11081 14575 95139 28078 40956 55805 95133 53956 91396 43898 92566 14906 95101 35358 49120 78467 41423 36827 65072 34995 15797 83629 92947 51594 41371 7276 80887 50642 67583 911 74304 81962 4178 24954 47904 69333 5948 75688 57120 79896 65487 38237 8404 43103 70880 44113 79108 89295 37174 80513 6381 23995 37375 7992 82338 61185 98510 41620 22124 66005 24103 97823 70050 74027 4759 28118 47706 51238 23266 53235 38007 73471 10810 24486 99321 18983 56089 26576 56231 65095 96985 95025 58708 21067 82477 819 68528 45419 96460 25556 
8 141
81498 83340 8910 39123 98639 36263 27148 54977 80723 95679 95311 32146 68750 1787 26499 94549 84529 19465 29457 63072 15766 49133 71153 78220 82842 9157 59433 68293 41030 42769 37171 45945 79418 76554 52227 64473 9358 73556 19651 7774 3693 86758 10745 65890 49127 79125 62365 39985 17757 3046 94495 62813 62671 31115 54447 10885 86507 55297 24654 80408 14503 82835 16081 24328 98198 60885 21782 59667 72437 49622 26497 46785 70032 28406 78801 40713 23957 91434 97756 44877 71694 39637 96462 51206 79998 12540 89828 55920 9192 76938 53897 31970 27513 7121 34812 47436 80252 67581 687 39495 53001 20778 10019 94807 81013 46605 40848 76266 51380 75049 66380 48529 67853 21350 66863 67394 62654 61053 65109 43883 3894 37185 56358 15956 69799 5972 91531 2026 71454 11084 77929 90853 44366 49375 35713 70189 80011 54548 62861 82245 94025 
9 120
49918 51333 61072 62101 71596 37384 96945 70758 2637 43622 56859 73792 37591 49508 14719 77792 36079 79091 22072 774 440 63906 59200 79768 72000 30912 35210 16908 86349 60314 84516 27652 97043 43302 63129 36130 98835 18195 37575 14030 29982 61494 20547 26265 55213 15266 87159 97122 87391 82165 72772 56462 74078 85995 10018 60031 13669 21253 56608 54739 77799 18740 64720 73889 94373 11281 57306 87693 27808 85344 34020 91316 85627 5702 85594 51351 93949 87781 82632 57664 24507 34328 27951 15585 31675 60835 94359 61098 53130 75089 94579 33749 93890 67454 34593 85938 92324 23941 39295 75633 80867 48135 15223 11567 89933 1156 2951 28593 21228 41680 75525 34007 48318 23910 26493 64922 52267 21884 19615 2360 
10 254
88451 45531 6100 576 51502 42416 31021 85654 96370 87189 28920 43686 8427 46376 15481 61714 84146 40921 89312 42793 78267 76430 15393 54106 25116 40416 95583 34993 84316 30029 85747 60920 25262 44857 69427 28921 12367 74541 86896 39311 95392 59708 17202 79388 16027 57697 36378 85304 50032 30551 57287 99763 38181 25617 58766 39921 20333 20422 72441 11034 39327 10167 73988 85242 73101 24407 83449 14911 34244 12571 9087 85606 30867 999 5675 84300 56470 47077 64399 62063 45269 725 86294 81938 20172 34299 55627 43237 95195 68921 50120 30388 6133 28204 78903 46942 93513 48460 15233 64589 10828 34944 78842 37307 13326 54338 18732 93641 56941 74469 87352 46615 45226 25459 30056 13134 47710 7318 92120 77920 22566 31669 24098 15000 93354 55825 12129 12953 45988 71504 73676 42445 40126 76808 37181 26365 15043 4615 36391 69080 14129 79570 77717 69463 45235 6953 42668 31350 30612 49479 90969 20323 78594 82184 74119 7745 4741 84242 86156 48598 26319 9735 86370 76568 46702 6520 62015 70825 40324 81383 22431 2296 9156 168 59091 31629 33057 3972 22745 49365 18345 36546 67412 72225 40743 21832 27716 16703 86880 5693 30688 36403 59587 32740 74115 53072 60939 31546 27121 22742 89342 77223 99956 9363 37524 93457 79926 82970 46711 25963 37446 39219 29249 9989 65059 89592 70303 15159 82662 18290 39445 36905 63480 67606 97309 72644 74933 57983 23646 77069 44294 6244 67417 18079 88671 47565 41449 47856 7905 15703 62351 95880 80657 38095 83125 29379 9504 17268 12068 50281 50442 4257 7708 91079 
11 121
45863 71817 94540 89912 55622 9292 9447 14221 74610 54478 30135 16192 50268 77427 65337 68135 34797 53447 65205 33656 70550 39381 51947 26035 39321 62738 95002 12830 32896 91163 43021 55550 42114 95909 95370 93060 22172 22592 57442 99116 66759 95954 76203 94426 2668 89340 20716 33356 42869 3496 31130 88079 71473 65300 60070 4961 671 4757 3349 80034 57529 59254 53399 53468 7123 6727 4431 18989 66501 25518 1913 769 87287 23275 68595 71649 17998 31685 19812 21297 76713 48350 8180 2758 82202 50247 1432 26742 29596 42196 36667 64604 68927 76471 54030 98677 74430 50940 13610 8405 85458 80329 99272 19205 27987 18772 87112 53751 59377 30217 50145 37238 43000 19985 40650 4629 84939 80700 49619 15532 8146 
12 111
98295 43202 68806 96092 35398 29785 46326 13317 59710 24411 93190 72475 55531 37143 65567 91612 55510 96508 16569 25312 22798 94042 12653 3893 58245 29943 50634 27344 29552 20543 68736 53885 59281 49524 22382 9369 75669 42730 27406 35270 76646 59751 60974 88178 60605 1400 8238 54303 86664 15632 52983 7790 44570 83841 96136 85490 82594 99070 64977 21700 50948 34953 59422 17505 52216 18501 857 20919 67208 35323 46482 74040 39015 78329 66663 19602 94665 78145 22637 12610 78925 18702 85531 81461 51197 4059 4160 18965 80151 42185 53167 11935 92619 26002 42154 33262 13735 2587 80052 13553 18915 45311 80094 1596 11491 78719 35850 14563 49147 88541 90696 
13 2
27540 35977 
14 202
1968 98414 2938 92468 58155 9458 43543 19019 55925 73444 24625 74619 12177 43779 97696 49576 95454 26927 63256 95458 84153 49379 72065 23758 18069 78629 47959 72217 42288 7921 16841 32644 22302 20268 18857 87879 65062 1932 21286 94230 81179 75463 73009 11990 91814 23233 90399 54065 71146 86532 90912 61447 2625 10910 9684 35580 87647 75088 42697 75947 83438 5453 31658 44847 85107 7329 48305 74402 70565 51709 19350 17597 91467 79791 47396 76609 10111 4142 8324 21066 7494 68409 16805 60846 62804 94606 88025 27805 75879 46011 41422 62979 28950 87652 91649 74436 3085 66087 1920 42305 67927 57773 14861 46386 46980 14198 8134 51080 76451 33114 665 28025 80308 30438 47721 94416 18012 91002 83585 94599 1643 7382 11408 11120 88598 84742 93754 932 92255 76897 75711 21603 18161 87911 23312 27838 48561 82916 95501 69955 13862 89729 75399 29953 36494 6875 47453 82445 75207 14234 3345 47240 53654 3531 83139 20885 61250 23769 69252 43370 31206 73800 12209 81158 95085 84072 18881 84768 46881 3514 85613 6060 97984 43241 2636 64971 92913 21768 67345 41117 19024 96464 53499 83430 10857 83418 5231 77024 31409 63230 50766 17743 2363 37632 34089 11674 88311 16565 55883 60998 34426 63629 
15 52
74080 4021 72969 9016 17290 17303 44833 26991 41329 62894 12479 99087 70169 18515 10501 26268 90172 13566 23511 94771 5588 11840 76142 80815 2377 26406 75048 60533 52785 87654 66024 23109 21800 72094 38930 37098 93042 89491 64708 71984 98349 95922 73713 57642 21254 60303 79324 62347 14554 65137 96024 53039 
16 86
5259 1374 9434 47273 87997 23843 25288 15493 13654 54986 44870 99004 31001 44993 42799 86053 80932 76488 80654 50310 54700 7320 24076 10565 95683 2649 78008 28842 31177 56314 89860 41307 97809 41057 20217 668 20449 1537 55094 21668 11584 86513 24457 75544 93553 7497 62057 58015 46752 58638 27411 62233 43930 97884 30381 41404 10232 21816 14823 1084 80795 16585 87110 25958 24576 54747 23501 18885 56034 79960 25049 4859 90599 65878 67627 53250 32637 80356 33316 60320 30622 97405 69747 40974 34547 16781 
17 158
45257 1075 40628 66431 9494 54346 58179 12761 2883 57031 97155 43542 21039 64471 1375 13368 92422 40771 23586 42214 17022 44202 1208 93812 82436 89017 29555 55693 56261 48986 79528 23031 41957 32998 1676 38975 838 74398 76206 72047 24725 7099 25555 16466 66474 6462 69844 40695 66744 13807 58614 20101 16313 60650 48497 8856 77078 61109 26856 80649 4490 8434 69707 34249 80808 35595 42969 43758 95172 88110 86766 64074 45815 63203 6625 64630 99972 18524 42473 28504 97369 22596 86571 98799 8923 80226 89776 90720 9711 43839 87846 57262 40099 28770 66108 94141 95859 51414 15212 45392 34977 7743 78454 85888 63255 59233 24724 53958 18883 72784 38879 42387 20111 94158 88033 87428 78596 46116 87792 13322 4974 51143 24612 21772 83220 29925 90044 32380 11596 25367 26097 73846 68226 21641 35503 84283 602 48275 30762 36109 97204 94971 30239 19144 62907 49851 17536 18025 73534 56353 51340 45956 48175 61126 25223 65942 92816 13041 
18 136
65553 91656 61192 99743 50977 80708 72008 43167 42993 9063 96879 93222 64859 82885 37514 64923 70596 65893 23826 22694 72043 58089 7009 56714 27307 39250 83966 82652 78218 34185 61666 45206 10619 85811 44156 76327 12079 57191 75502 33960 3985 6527 73935 26961 23676 26323 76964 41023 15202 68664 94175 69748 61492 96793 45887 69670 71946 33717 13098 34443 16862 18293 73823 6173 88777 47118 33325 57864 90274 63304 43401 14954 26225 29138 56179 31182 40425 29113 4901 82373 57361 69242 85923 42825 76668 28176 36744 95510 6762 33141 47697 4437 63944 42237 96762 19431 78466 11404 84545 84571 5770 39108 50126 3418 22756 658 67920 79560 94775 42396 15763 31166 69599 71205 88846 64212 93791 45096 10540 48023 87500 32055 16924 71056 46832 3895 31268 20465 27639 57852 89851 17462 94241 48867 63764 64905 
19 60
87804 68672 55807 50583 32674 77568 60482 49777 54730 95440 90738 95273 58792 48396 72748 76593 43439 87898 60037 33849 24792 31553 97261 66779 27547 42987 55726 99663 52677 25256 63804 99751 16584 67725 46611 27713 18631 45370 20669 17045 78143 65079 10914 20680 34537 41495 25752 67087 12750 51023 17037 73409 13489 13844 67810 61567 48869 907 64381 72106 
20 56
6887 87670 2939 3247 85615 11759 22397 27095 69067 32866 46418 10288 75812 30717 17051 20165 70603 15045 162 99216 46954 55246 36339 91341 50102 43545 84378 50732 98849 61443 25003 71505 76295 29235 69326 76655 31139 4469 96020 51823 24558 84373 29644 35016 56322 88442 99589 99016 93110 87764 65383 7440 37292 24741 33207 73703 
21 106
6246 63175 33763 81491 90995 27488 63215 88989 1710 8796 66247 23791 79214 78154 77613 34691 81066 59896 92674 11193 46222 26677 74854 93343 90824 71370 20207 92999 37701 11337 50730 26496 90943 43956 96417 45592 4416 87838 20824 1169 77218 59691 66387 10676 52028 34129 76219 15604 39702 46939 49258 92168 83485 2742 9592 92058 5006 55831 94069 17236 21280 50460 69990 76677 93796 17053 92742 81896 99692 77397 22307 49916 41394 77537 80326 66644 12136 36135 46246 40890 83318 52359 97738 2720 21223 76606 29104 82344 10263 68085 24365 22343 41346 13321 7574 4219 47558 68562 23317 8107 62828 23655 91218 54054 23396 30644 
22 42
370 24274 68571 8935 73075 35839 5177 81449 34708 19692 18334 8244 37469 79700 46489 74666 19783 6444 26285 360 84526 41401 58689 58985 82379 52109 2614 13921 81887 65172 78334 17725 24327 11911 79285 4845 64311 69086 20530 87451 57278 52102 
23 40
71237 49586 6991 519 828 39629 8932 90837 57563 97963 70149 69900 15363 30515 52713 10477 38372 85204 86991 13925 85142 27299 60914 41234 52401 92839 83254 76251 47373 72134 53801 93826 41670 62262 70685 8573 2504 64426 70233 19143 
24 58
53086 64216 12157 65966 37544 30426 15241 34659 41440 67476 93518 44118 11379 91770 66529 41466 48168 44512 52861 80884 57530 77008 44116 61671 74083 86479 85961 40796 41805 10246 50717 49464 1460 35663 46500 5424 34227 20526 57054 19917 63420 57421 11396 97311 24468 61403 18389 26277 36853 99585 57363 68383 1209 58704 53962 10675 52964 34763 
25 21
67897 84623 14740 52540 4085 88113 92453 55072 2233 22455 9626 43358 28114 75111 57340 10086 64449 81291 11683 31396 98126 
26 11
95408 44325 54188 2310 86788 56977 93743 77585 5360 64515 10013 
27 18
11962 48688 40689 9444 11489 72891 18210 2425 61488 55834 58487 6556 5837 60881 48201 13614 52942 31041 
